 40.65236278,  -75.44040167,    339, ABE,  41.41089417;  -81.84939667;     95; CLE
 33.64044444,  -84.42694444,    143, ATL,  33.36995500;  -81.96449611;    140; AGS
 33.56294306,  -86.75354972,    134, BHM,  33.64044444;  -84.42694444;    143; ATL
 41.41089417,  -81.84939667,     95, CLE,  42.21205889;  -83.34883583;    120; DTW
 35.21401111,  -80.94312583,    155, CLT,  37.32546833;  -79.97542833;    177; ROA
 39.04614278,  -84.66217250,    116, CVG,  39.99798528;  -82.89188278;    112; CMH
 42.21205889,  -83.34883583,    120, DTW,  42.88081972;  -85.52276778;     41; GRR
 40.63975111,  -73.77892556,     94, JFK,  39.87195278;  -75.24114083;     90; PHL
 40.77724306,  -73.87260917,     17, LGA,  40.69249722;  -74.16866056;     81; EWR
 41.97959500,  -87.90446417,     67, ORD,  42.94722222;  -87.89658333;    154; MKE
 39.87195278,  -75.24114083,     90, PHL,  39.17540167;  -76.66819833;     70; BWI
 32.41132000,  -99.68189722,    158, ABI,  32.89595056;  -97.03720000;    282; DFW
 32.89595056,  -97.03720000,    282, DFW,  33.66363889; -101.82277780;    289; LBB
 35.04022222, -106.60919440,    223, ABQ,  31.80666667; -106.37780560;    269; ELP
 35.21937250, -101.70592720,    277, AMA,  35.04022222; -106.60919440;    223; ABQ
 30.19453278,  -97.66987194,    140, AUS,  29.98047222;  -95.33972222;     74; IAH
 39.17540167,  -76.66819833,     70, BWI,  40.19349528;  -76.76340361;     94; MDT
 32.84711389,  -96.85177222,    181, DAL,  35.39308833;  -97.60073389;    175; OKC
 39.85840806, -104.66700190,    125, DEN,  39.22316000; -106.86884500;     89; ASE
 31.80666667, -106.37780560,    269, ELP,  32.11608333; -110.94102780;    110; TUS
 40.69249722,  -74.16866056,     81, EWR,  39.87195278;  -75.24114083;     90; PHL
 29.64541861,  -95.27888889,     24, HOU,  29.98047222;  -95.33972222;     74; IAH
 38.94453194,  -77.45580972,    183, IAD,  40.49146583;  -80.23287083;    109; PIT
 29.98047222,  -95.33972222,     74, IAH,  30.58858944;  -96.36382417;    164; CLL
 36.08036111, -115.15233330,    173, LAS,  33.82921556; -116.50625310;    110; PSP
 33.94253611, -118.40807440,     89, LAX,  34.42621194; -119.84037330;    162; SBA
 33.66363889, -101.82277780,    289, LBB,  35.04022222; -106.60919440;    223; ABQ
 31.94252778, -102.20191390,    294, MAF,  30.19453278;  -97.66987194;    140; AUS
 39.29760528,  -94.71390556,    223, MCI,  36.19837222;  -95.88824167;    111; TUL
 28.42888889,  -81.31602778,     80, MCO,  27.97547222;  -82.53325000;    180; TPA
 41.78598250,  -87.75242444,    162, MDW,  39.71732917;  -86.29438417;     98; IND
 44.88054694,  -93.21692250,    232, MSP,  41.53493306;  -93.66068222;    117; DSM
 37.72129083, -122.22071670,    180, OAK,  39.49857611; -119.76806470;    144; RNO
 35.39308833,  -97.60073389,    175, OKC,  32.89595056;  -97.03720000;    282; DFW
 34.05600000, -117.60119440,     47, ONT,  33.94253611; -118.40807440;     89; LAX
 45.58872222, -122.59750000,    116, PDX,  44.25406722; -121.14996330;    156; RDM
 33.43416667, -112.00805560,    160, PHX,  32.65658333; -114.60597220;     58; YUM
 32.73355611, -117.18965670,     76, SAN,  33.67565861; -117.86822250;     36; SNA
 29.53369444,  -98.46977778,    191, SAT,  29.98047222;  -95.33972222;     74; IAH
 47.44898194, -122.30931310,    129, SEA,  45.58872222; -122.59750000;    116; PDX
 37.61900194, -122.37484330,   2338, SFO,  20.89864972; -156.43045780;    100; OGG
 40.78838778, -111.97777310,    291, SLC,  43.56444444; -116.22277780;    287; BOI
 38.69542167, -121.59076690,     86, SMF,  37.61900194; -122.37484330;   2338; SFO
 38.74768694,  -90.35998972,    195, STL,  37.24432611;  -93.38685806;     84; SGF
 27.97547222,  -82.53325000,    180, TPA,  30.49405556;  -81.68786111;    117; JAX
 36.19837222,  -95.88824167,    111, TUL,  35.39308833;  -97.60073389;    175; OKC
 32.11608333, -110.94102780,    110, TUS,  33.43416667; -112.00805560;    160; PHX
 31.53551500,  -84.19447333,    146, ABY,  33.64044444;  -84.42694444;    143; ATL
 41.25305194,  -70.06018139,     91, ACK,  42.36434750;  -71.00517917;     49; BOS
 31.61128833,  -97.23051917,     89, ACT,  32.89595056;  -97.03720000;    282; DFW
 40.97811528, -124.10861890,    207, ACV,  38.69542167; -121.59076690;     86; SMF
 41.78015722, -124.23653330,     56, CEC,  40.97811528; -124.10861890;    207; ACV
 36.58698250, -121.84294780,     77, MRY,  37.61900194; -122.37484330;   2338; SFO
 37.36186194, -121.92900890,     30, SJC,  37.61900194; -122.37484330;   2338; SFO
 39.45758333,  -74.57716667,    678, ACY,  33.64044444;  -84.42694444;    143; ATL
 51.87796389, -176.64603060,   1192, ADK,  61.17432028; -149.99618560;    160; ANC
 61.17432028, -149.99618560,    160, ANC,  60.49183389; -145.47765030;    213; CDV
 57.74996778, -152.49385530,    252, ADQ,  61.17432028; -149.99618560;    160; ANC
 31.32737167,  -92.54855611,    190, AEX,  29.98047222;  -95.33972222;     74; IAH
 33.36995500,  -81.96449611,    140, AGS,  35.21401111;  -80.94312583;    155; CLT
 58.67680167, -156.64921750,    289, AKN,  61.17432028; -149.99618560;    160; ANC
 59.04541250, -158.50333890,     71, DLG,  58.67680167; -156.64921750;    289; AKN
 42.74811944,  -73.80297861,    143, ALB,  40.69249722;  -74.16866056;     81; EWR
 42.36434750,  -71.00517917,     49, BOS,  41.72399917;  -71.42822111;    144; PVD
 38.85208333,  -77.03772222,     24, DCA,  38.94453194;  -77.45580972;    183; IAD
 26.07258333,  -80.15275000,     21, FLL,  25.79325000;  -80.29055556;    105; MIA
 41.70895361,  -86.31847417,     84, SBN,  41.97959500;  -87.90446417;     67; ORD
 42.55708139,  -92.40034361,    166, ALO,  44.88054694;  -93.21692250;    232; MSP
 60.77977639, -161.83799750,    399, BET,  61.17432028; -149.99618560;    160; ANC
 60.49183389, -145.47765030,    213, CDV,  59.50336056; -139.66022610;    199; YAK
 64.81367750, -147.85966940,    261, FAI,  61.17432028; -149.99618560;    160; ANC
 21.31869111, -157.92240720,    102, HNL,  21.97598306; -159.33895810;      0; LIH
 58.35496194, -134.57627640,    123, JNU,  56.80165194; -132.94527810;     31; PSG
 20.89864972, -156.43045780,    100, OGG,  21.31869111; -157.92240720;    102; HNL
 64.51220222, -165.44524580,    539, OME,  61.17432028; -149.99618560;    160; ANC
 66.88467694, -162.59854970,    183, OTZ,  64.51220222; -165.44524580;    539; OME
 70.19475583, -148.46516080,    373, SCC,  64.81367750; -147.85966940;    261; FAI
 39.22316000, -106.86884500,     89, ASE,  39.12241250; -108.52673470;    217; GJT
 39.12241250, -108.52673470,    217, GJT,  40.78838778; -111.97777310;    291; SLC
 43.13985778,  -89.33751361,     74, MSN,  42.94722222;  -87.89658333;    154; MKE
 42.19536389,  -89.09721111,     66, RFD,  43.13985778;  -89.33751361;     74; MSN
 44.25740806,  -88.51947556,     87, ATW,  43.13985778;  -89.33751361;     74; MSN
 35.43619444,  -82.54180556,    164, AVL,  33.64044444;  -84.42694444;    143; ATL
 41.33814944,  -75.72426750,     96, AVP,  40.19349528;  -76.76340361;     94; MDT
 41.93887417,  -72.68322833,    106, BDL,  40.63975111;  -73.77892556;     94; JFK
 44.80744444,  -68.82813889,    201, BGR,  42.36434750;  -71.00517917;     49; BOS
 40.47798556,  -88.91595278,    116, BMI,  41.97959500;  -87.90446417;     67; ORD
 36.12447667,  -86.67818222,    177, BNA,  33.56294306;  -86.75354972;    134; BHM
 43.56444444, -116.22277780,    287, BOI,  47.61985556; -117.53384250;    224; GEG
 31.25902778,  -81.46630556,    238, BQK,  33.64044444;  -84.42694444;    143; ATL
  0.00000000,   30.53316083,    253, BTR,  29.98047222;  -95.33972222;     74; IAH
 44.47300361,  -73.15031250,    181, BTV,  42.36434750;  -71.00517917;     49; BOS
 42.94052472,  -78.73216667,    192, BUF,  41.41089417;  -81.84939667;     95; CLE
 45.77690139, -111.15300720,    347, BZN,  40.78838778; -111.97777310;    291; SLC
 33.93884000,  -81.11953944,    191, CAE,  33.64044444;  -84.42694444;    143; ATL
 40.91631194,  -81.44246556,    133, CAK,  42.21205889;  -83.34883583;    120; DTW
 35.03526833,  -85.20378778,    106, CHA,  33.64044444;  -84.42694444;    143; ATL
 38.13863889,  -78.45286111,    342, CHO,  39.04614278;  -84.66217250;    116; CVG
 32.89864639,  -80.04050583,    168, CHS,  35.21401111;  -80.94312583;    155; CLT
 41.88458833,  -91.71087222,    196, CID,  41.97959500;  -87.90446417;     67; ORD
 39.99798528,  -82.89188278,    112, CMH,  41.41089417;  -81.84939667;     95; CLE
 38.80580556, -104.70025000,     72, COS,  39.85840806; -104.66700190;    125; DEN
 27.77036083,  -97.50121528,    187, CRP,  29.64541861;  -95.27888889;     24; HOU
 38.37315083,  -81.59318972,    173, CRW,  39.04614278;  -84.66217250;    116; CVG
 32.51633333,  -84.93886111,     83, CSG,  33.64044444;  -84.42694444;    143; ATL
 29.17991667,  -81.05805556,    366, DAB,  33.64044444;  -84.42694444;    143; ATL
 39.90237583,  -84.21937500,     64, DAY,  39.04614278;  -84.66217250;    116; CVG
 31.32133917,  -85.44962889,    171, DHN,  33.64044444;  -84.42694444;    143; ATL
 41.53493306,  -93.66068222,    117, DSM,  41.30251861;  -95.89417306;    152; OMA
 39.64256778, -106.91769530,    121, EGE,  39.85840806; -104.66700190;    125; DEN
 38.03799139,  -87.53062667,    170, EVV,  39.04614278;  -84.66217250;    116; CVG
 35.07297222,  -77.04294444,    433, EWN,  33.64044444;  -84.42694444;    143; ATL
 24.55611111,  -81.75955556,    268, EYW,  28.42888889;  -81.31602778;     80; MCO
 34.99147222,  -78.88000000,    118, FAY,  35.21401111;  -80.94312583;    155; CLT
 48.31140472, -114.25506940,    532, FCA,  40.78838778; -111.97777310;    291; SLC
 34.18536111,  -79.72388889,    273, FLO,  33.64044444;  -84.42694444;    143; ATL
 42.96550333,  -83.74345639,     56, FNT,  42.21205889;  -83.34883583;    120; DTW
 43.58135111,  -96.74170028,    197, FSD,  44.88054694;  -93.21692250;    232; MSP
 35.33659028,  -94.36744111,    228, FSM,  32.89595056;  -97.03720000;    282; DFW
 40.97846583,  -85.19514639,    128, FWA,  42.21205889;  -83.34883583;    120; DTW
 29.69005556,  -82.27177778,    300, GNV,  33.64044444;  -84.42694444;    143; ATL
 30.40728028,  -89.07009278,    324, GPT,  35.04241667;  -89.97666667;    184; MEM
 44.48507333,  -88.12959000,    107, GRB,  42.94722222;  -87.89658333;    154; MKE
 31.06489778,  -97.82779778,    134, GRK,  32.89595056;  -97.03720000;    282; DFW
 42.88081972,  -85.52276778,     41, GRR,  43.16948806;  -86.23822306;     85; MKG
 36.09774694,  -79.93729750,     83, GSO,  35.21401111;  -80.94312583;    155; CLT
 34.89566722,  -82.21885833,    153, GSP,  33.64044444;  -84.42694444;    143; ATL
 33.45033444,  -88.59136861,    241, GTR,  33.64044444;  -84.42694444;    143; ATL
 38.53396333, -106.93318170,    152, GUC,  39.85840806; -104.66700190;    125; DEN
 40.48118028, -107.21765970,    117, HDN,  39.12241250; -108.52673470;    217; GJT
 32.22438400,  -80.69762900,    239, HHH,  33.64044444;  -84.42694444;    143; ATL
 41.06695778,  -73.70757444,     30, HPN,  40.63975111;  -73.77892556;     94; JFK
 34.64044750,  -86.77310944,     74, HSV,  33.56294306;  -86.75354972;    134; BHM
 37.64995889,  -97.43304583,    186, ICT,  39.29760528;  -94.71390556;    223; MCI
 34.27061111,  -77.90255556,     71, ILM,  33.67975000;  -78.92833333;    156; MYR
 39.71732917,  -86.29438417,     98, IND,  39.04614278;  -84.66217250;    116; CVG
 40.79524250,  -73.10021194,    220, ISP,  39.17540167;  -76.66819833;     70; BWI
 43.60732417, -110.73773890,    205, JAC,  40.78838778; -111.97777310;    291; SLC
 32.31116667,  -90.07588889,    189, JAN,  35.04241667;  -89.97666667;    184; MEM
 30.49405556,  -81.68786111,    117, JAX,  32.12758333;  -81.20213889;     86; SAV
 34.56771444,  -98.41663667,    140, LAW,  32.89595056;  -97.03720000;    282; DFW
 38.03697222,  -84.60538889,     70, LEX,  39.04614278;  -84.66217250;    116; CVG
 30.20527972,  -91.98765500,    201, LFT,  29.98047222;  -95.33972222;     74; IAH
 34.72939611,  -92.22424556,    129, LIT,  35.04241667;  -89.97666667;    184; MEM
 37.85830556,  -80.39947222,    369, LWB,  33.64044444;  -84.42694444;    143; ATL
 37.32668528,  -79.20043056,    389, LYH,  33.64044444;  -84.42694444;    143; ATL
 32.69284944,  -83.64921083,     79, MCN,  33.64044444;  -84.42694444;    143; ATL
 40.19349528,  -76.76340361,     94, MDT,  38.94453194;  -77.45580972;    183; IAD
 32.33313333,  -88.75120556,    267, MEI,  33.64044444;  -84.42694444;    143; ATL
 35.04241667,  -89.97666667,    184, MEM,  34.64044750;  -86.77310944;     74; HSV
 26.17583333,  -98.23861111,    316, MFE,  29.98047222;  -95.33972222;     74; IAH
 32.30064417,  -86.39397611,    147, MGM,  33.64044444;  -84.42694444;    143; ATL
 42.93451639,  -71.43705583,    209, MHT,  40.69249722;  -74.16866056;     81; EWR
 25.79325000,  -80.29055556,    105, MIA,  26.53616667;  -81.75516667;    133; RSW
 42.94722222,  -87.89658333,    154, MKE,  44.77761917;  -89.66677944;    175; CWA
 28.10275000,  -80.64580556,    443, MLB,  33.64044444;  -84.42694444;    143; ATL
 41.44852639,  -90.50753917,    139, MLI,  41.97959500;  -87.90446417;     67; ORD
 32.51086556,  -92.03768778,    262, MLU,  29.98047222;  -95.33972222;     74; IAH
 30.69141667,  -88.24283333,    302, MOB,  33.64044444;  -84.42694444;    143; ATL
 29.99338889,  -90.25802778,     65, MSY,   0.00000000;   30.53316083;    253; BTR
 38.50886722, -107.89383330,    197, MTJ,  39.85840806; -104.66700190;    125; DEN
 33.67975000,  -78.92833333,    156, MYR,  35.21401111;  -80.94312583;    155; CLT
 34.82916444,  -77.61213778,    191, OAJ,  35.21401111;  -80.94312583;    155; CLT
 41.30251861,  -95.89417306,    152, OMA,  39.29760528;  -94.71390556;    223; MCI
 36.89461111,  -76.20122222,    157, ORF,  38.94453194;  -77.45580972;    183; IAD
 26.68316194,  -80.09559417,    103, PBI,  26.53616667;  -81.75516667;    133; RSW
 30.21208333,  -85.68280556,    247, PFN,  33.64044444;  -84.42694444;    143; ATL
 37.13189556,  -76.49298750,    288, PHF,  40.77724306;  -73.87260917;     17; LGA
 40.66424333,  -89.69330556,    130, PIA,  41.97959500;  -87.90446417;     67; ORD
 40.49146583,  -80.23287083,    109, PIT,  42.08202139;  -80.17621556;    163; ERI
 30.47330556,  -87.18744444,    272, PNS,  33.64044444;  -84.42694444;    143; ATL
 41.72399917,  -71.42822111,    144, PVD,  40.63975111;  -73.77892556;     94; JFK
 43.64616667,  -70.30875000,    274, PWM,  40.63975111;  -73.77892556;     94; JFK
 35.87763889,  -78.78747222,     67, RDU,  36.09774694;  -79.93729750;     83; GSO
 37.50516667,  -77.31966667,    198, RIC,  39.87195278;  -75.24114083;     90; PHL
 39.49857611, -119.76806470,    144, RNO,  37.62581722; -120.95442140;     78; MOD
 37.32546833,  -79.97542833,    177, ROA,  38.94453194;  -77.45580972;    183; IAD
 43.11886611,  -77.67238389,    245, ROC,  41.41089417;  -81.84939667;     95; CLE
 26.53616667,  -81.75516667,    133, RSW,  28.42888889;  -81.31602778;     80; MCO
 32.12758333,  -81.20213889,     86, SAV,  32.89864639;  -80.04050583;    168; CHS
 40.85120600,  -77.84630200,    300, SCE,  42.21205889;  -83.34883583;    120; DTW
 38.17438889,  -85.73600000,     83, SDF,  39.04614278;  -84.66217250;    116; CVG
 37.24432611,  -93.38685806,     84, SGF,  36.28186944;  -94.30681111;     89; XNA
 32.44662750,  -93.82559833,    190, SHV,  32.89595056;  -97.03720000;    282; DFW
 18.43941667,  -66.00183333,   1045, SJU,  25.79325000;  -80.29055556;    105; MIA
 33.67565861, -117.86822250,     36, SNA,  33.94253611; -118.40807440;     89; LAX
 27.39533333,  -82.55411111,    445, SRQ,  33.64044444;  -84.42694444;    143; ATL
 18.33730556,  -64.97336111,     68, STT,  18.43941667;  -66.00183333;   1045; SJU
 17.70188889,  -64.79855556,   1139, STX,  25.79325000;  -80.29055556;    105; MIA
 41.50409361,  -74.10483833,    479, SWF,  42.21205889;  -83.34883583;    120; DTW
 43.11118694,  -76.10631056,    194, SYR,  40.69249722;  -74.16866056;     81; EWR
 30.39652778,  -84.35033333,    200, TLH,  27.97547222;  -82.53325000;    180; TPA
 41.58680556,  -83.80783333,    181, TOL,  39.04614278;  -84.66217250;    116; CVG
 36.47521417,  -82.40742056,    120, TRI,  35.21401111;  -80.94312583;    155; CLT
 34.26810833,  -88.76989500,    253, TUP,  33.64044444;  -84.42694444;    143; ATL
 35.81248722,  -83.99285583,    152, TYS,  33.64044444;  -84.42694444;    143; ATL
 30.78250000,  -83.27672222,    208, VLD,  33.64044444;  -84.42694444;    143; ATL
 30.48325000,  -86.52540000,    264, VPS,  33.64044444;  -84.42694444;    143; ATL
 36.28186944,  -94.30681111,     89, XNA,  36.19837222;  -95.88824167;    111; TUL
 26.22850611,  -97.65439389,    233, HRL,  29.53369444;  -98.46977778;    191; SAT
 33.81772222, -118.15161110,    222, LGB,  36.77619444; -119.71813890;    129; FAT
 42.23487500,  -85.55205750,    113, AZO,  42.21205889;  -83.34883583;    120; DTW
 46.91934889,  -96.81498889,    223, FAR,  44.88054694;  -93.21692250;    232; MSP
 35.43359806, -119.05676810,    109, BFL,  33.94253611; -118.40807440;     89; LAX
 36.77619444, -119.71813890,    129, FAT,  37.36186194; -121.92900890;     30; SJC
 42.20848278,  -75.97961361,    378, BGM,  42.21205889;  -83.34883583;    120; DTW
 45.80766250, -108.54286110,    387, BIL,  40.78838778; -111.97777310;    291; SLC
 47.48200194, -111.37068530,    177, GTF,  45.80766250; -108.54286110;    387; BIL
 42.91130556, -112.59586110,    150, PIH,  40.78838778; -111.97777310;    291; SLC
 46.77411111, -100.74672220,    386, BIS,  44.88054694;  -93.21692250;    232; MSP
 44.04532139, -103.05737080,    301, RAP,  39.85840806; -104.66700190;    125; DEN
 47.50942417,  -94.93372333,    199, BJI,  44.88054694;  -93.21692250;    232; MSP
 48.79275000, -122.53752780,    245, BLI,  47.61985556; -117.53384250;    224; GEG
 47.61985556, -117.53384250,    224, GEG,  47.44898194; -122.30931310;    129; SEA
 32.38486111,  -94.71171000,    140, GGG,  32.89595056;  -97.03720000;    282; DFW
 29.95083333,  -94.02069444,     79, BPT,  29.98047222;  -95.33972222;     74; IAH
 18.49486111,  -67.12944444,   1129, BQN,  28.42888889;  -81.31602778;     80; MCO
 25.90683333,  -97.42586111,    308, BRO,  29.98047222;  -95.33972222;     74; IAH
 71.28544750, -156.76600190,    204, BRW,  70.19475583; -148.46516080;    373; SCC
 45.95479528, -112.49746000,     65, BTM,  45.77690139; -111.15300720;    347; BZN
 34.20061917, -118.35849690,    223, BUR,  36.08036111; -115.15233330;    173; LAS
 34.62938889, -118.08455280,     33, PMD,  34.20061917; -118.35849690;    223; BUR
 33.82921556, -116.50625310,    110, PSP,  33.94253611; -118.40807440;     89; LAX
 43.51455556, -112.07016670,    188, IDA,  40.78838778; -111.97777310;    291; SLC
 37.70097028, -113.09857500,    221, CDC,  40.78838778; -111.97777310;    291; SLC
 37.09058333, -113.59305560,     50, SGU,  37.70097028; -113.09857500;    221; CDC
 59.50336056, -139.66022610,    199, YAK,  58.35496194; -134.57627640;    123; JNU
 39.79538278, -121.85842310,    153, CIC,  37.61900194; -122.37484330;   2338; SFO
 33.12723100, -117.27872700,     86, CLD,  33.94253611; -118.40807440;     89; LAX
 30.58858944,  -96.36382417,    164, CLL,  32.89595056;  -97.03720000;    282; DFW
 40.03925000,  -88.27805556,    135, CMI,  41.97959500;  -87.90446417;     67; ORD
 39.84395194,  -89.67761861,     76, SPI,  40.03925000;  -88.27805556;    135; CMI
 47.16841722,  -88.48906083,    277, CMX,  44.88054694;  -93.21692250;    232; MSP
 44.52019417, -109.02379610,    298, COD,  40.78838778; -111.97777310;    291; SLC
 42.77870000,  -84.58735806,     74, LAN,  42.21205889;  -83.34883583;    120; DTW
 42.90835556, -106.46446610,    230, CPR,  39.85840806; -104.66700190;    125; DEN
 38.36666667,  -82.55802778,    123, HTS,  39.04614278;  -84.66217250;    116; CVG
 44.74144472,  -85.58223500,    207, TVC,  42.21205889;  -83.34883583;    120; DTW
 44.77761917,  -89.66677944,    175, CWA,  44.88054694;  -93.21692250;    232; MSP
 42.40295944,  -90.70916722,    147, DBQ,  41.97959500;  -87.90446417;     67; ORD
 45.57092750,  -84.79671500,    243, PLN,  42.21205889;  -83.34883583;    120; DTW
 41.15572250, -104.81183810,     90, CYS,  39.85840806; -104.66700190;    125; DEN
 37.15151667, -107.75376920,    251, DRO,  39.85840806; -104.66700190;    125; DEN
 44.12326000, -123.21868560,    106, EUG,  45.58872222; -122.59750000;    116; PDX
 44.34889806, -105.53936140,    261, GCC,  41.59421750; -109.06519280;    161; RKS
 46.60681806, -111.98275030,    402, HLN,  40.78838778; -111.97777310;    291; SLC
 19.73876583, -156.04563140,     84, KOA,  20.89864972; -156.43045780;    100; OGG
 21.97598306, -159.33895810,      0, LIH, 
 40.85097222,  -96.75925000,     55, LNK,  41.30251861;  -95.89417306;    152; OMA
 43.53291472,  -84.07964722,     98, MBS,  42.21205889;  -83.34883583;    120; DTW
 42.37422778, -122.87349780,     60, MFR,  42.15614361; -121.73320810;    315; LMT
 46.91630556, -114.09055560,    436, MSO,  40.78838778; -111.97777310;    291; SLC
 46.26468028, -119.11902920,    521, PSC,  40.78838778; -111.97777310;    291; SLC
 44.25406722, -121.14996330,    156, RDM,  42.37422778; -122.87349780;     60; MFR
 41.59421750, -109.06519280,    161, RKS,  40.78838778; -111.97777310;    291; SLC
 34.42621194, -119.84037330,    162, SBA,  36.77619444; -119.71813890;    129; FAT
 27.54373861,  -99.46154361,    301, LRD,  29.98047222;  -95.33972222;     74; IAH
 33.30155556, -104.53055560,    435, ROW,  32.89595056;  -97.03720000;    282; DFW
 31.35775000, -100.49630560,    228, SJT,  32.89595056;  -97.03720000;    282; DFW
 33.98879611,  -98.49189333,    113, SPS,  32.89595056;  -97.03720000;    282; DFW
 33.45370806,  -93.99102000,    181, TXK,  32.89595056;  -97.03720000;    282; DFW
 32.35413889,  -95.40238611,    103, TYR,  32.89595056;  -97.03720000;    282; DFW
 46.84209028,  -92.19364861,    144, DLH,  44.88054694;  -93.21692250;    232; MSP
 42.15991361,  -76.89144333,    331, ELM,  42.21205889;  -83.34883583;    120; DTW
 42.08202139,  -80.17621556,    163, ERI,  42.21205889;  -83.34883583;    120; DTW
 42.49102778,  -76.45844444,    353, ITH,  42.21205889;  -83.34883583;    120; DTW
 43.90882639,  -92.49798722,     76, RST,  44.88054694;  -93.21692250;    232; MSP
 40.82492611, -115.79169640,    200, EKO,  40.78838778; -111.97777310;    291; SLC
 42.48180389, -114.48773560,    175, TWF,  40.78838778; -111.97777310;    291; SLC
 18.00830278,  -66.56301194,   1032, PSE,  26.07258333;  -80.15275000;     21; FLL
 41.19594417, -112.01217500,     28, OGD,  40.78838778; -111.97777310;    291; SLC
 35.13845472, -111.67121830,    119, FLG,  33.43416667; -112.00805560;    160; PHX
 43.16948806,  -86.23822306,     85, MKG,  42.94722222;  -87.89658333;    154; MKE
 47.94925500,  -97.17611111,    284, GFK,  44.88054694;  -93.21692250;    232; MSP
 46.35363900,  -87.39536100,    134, MQT,  44.48507333;  -88.12959000;    107; GRB
 58.42438139, -135.70738140,     41, GST,  58.35496194; -134.57627640;    123; JNU
 19.72026306, -155.04847030,    121, ITO,  20.89864972; -156.43045780;    100; OGG
 30.12609750,  -93.22340361,    127, LCH,  29.98047222;  -95.33972222;     74; IAH
 48.56618722,  -93.40306667,    254, INL,  44.88054694;  -93.21692250;    232; MSP
 32.83422028, -115.57874560,    181, IPL,  33.94253611; -118.40807440;     89; LAX
 32.65658333, -114.60597220,     58, YUM,  32.83422028; -115.57874560;    181; IPL
 35.65884306, -117.82951220,    123, IYK,  33.94253611; -118.40807440;     89; LAX
 44.38267694, -100.28596500,    350, PIR,  44.88054694;  -93.21692250;    232; MSP
 55.35556861, -131.71374000,    680, KTN,  47.44898194; -122.30931310;    129; SEA
 56.80165194, -132.94527810,     31, PSG,  56.48432583; -132.36982420;     82; WRG
 57.04713806, -135.36159830,     95, SIT,  58.35496194; -134.57627640;    123; JNU
 56.48432583, -132.36982420,     82, WRG,  55.35556861; -131.71374000;    680; KTN
 35.23705806, -120.64239310,     72, SBP,  34.42621194; -119.84037330;    162; SBA
 37.62581722, -120.95442140,     78, MOD,  37.61900194; -122.37484330;   2338; SFO
 34.20080083, -119.20721640,     49, OXR,  33.94253611; -118.40807440;     89; LAX
 34.89924833, -120.45758250,    135, SMX,  33.94253611; -118.40807440;     89; LAX
 42.15614361, -121.73320810,    315, LMT,  37.61900194; -122.37484330;   2338; SFO
 43.87937972,  -91.25653778,    120, LSE,  44.88054694;  -93.21692250;    232; MSP
 46.37449806, -117.01539440,    461, LWS,  40.78838778; -111.97777310;    291; SLC
 43.41713889, -124.24602780,    100, OTH,  42.37422778; -122.87349780;     60; MFR
 40.50898361, -122.29340190,    131, RDD,  38.69542167; -121.59076690;     86; SMF
 48.25937778, -101.28033390,    449, MOT,  44.88054694;  -93.21692250;    232; MSP
 45.63119306,  -89.46745361,    190, RHI,  44.88054694;  -93.21692250;    232; MSP
 42.40260333,  -96.38436694,    234, SUX,  44.88054694;  -93.21692250;    232; MSP
 40.65236278,  -75.44040167,    inf, ABE, 
 40.65236278,  -75.44040167,    inf, ABE, 
 37.95375861, -107.90848000,    387, TEX,  33.43416667; -112.00805560;    160; PHX
 40.65236278,  -75.44040167,    inf, ABE, 
 44.90952778, -123.00250000,    628, SLE,  40.78838778; -111.97777310;    291; SLC
 43.50484139, -114.29659030,     71, SUN,  42.48180389; -114.48773560;    175; TWF
 44.68839917, -111.11763750,    273, WYS,  40.78838778; -111.97777310;    291; SLC
 46.56816972, -120.54405940,    586, YKM,  40.78838778; -111.97777310;    291; SLC
